MSV
21004418
21006710
21009489
21005556
21005784
21005845
21006482
21002176
21006683
21003746
21009352
21008398
21006730
21006444
21001645
21003245