MSV
21101365
21104370
21100000
21103863
21105410
21103746
21108490
21101218
21102766
21109352
21107060
21100496
21104996
21102137
21101740
21106668
21103602
21102514
21100665
21103692
21102665
21100951
21100326
21107049
21109840
21109594
21105054
21104805
21108552
21102099